0 2 0 20150901 20150930
1 2 1 20151001 20151030
2 2 2 20151101 20151130
3 2 3 20151201 20151230
4 2 4 20160101 20160130
5 2 5 20160201 20160228
6 2 6 20160301 20160407
7 2 7 20160408 20160430
8 2 8 20160501 20160530
9 1 0 20140901 20140930
9 1 1 20140101 20140131
10 1 2 20141101 20141130
11 1 3 20141201 20141230
12 1 4 20150101 20150130
13 1 5 20150201 20150228
14 1 6 20150301 20150407
15 1 7 20150408 20150430
16 1 8 20150501 20150530
17 0 0 20130901 20130910
18 0 1 20131001 20131030
19 0 2 20131101 20131130
20 0 3 20131201 20131230
21 0 4 20140101 20140130
22 0 5 20140201 20140228
23 0 6 20140301 20140407
24 0 7 20140408 20140430
25 0 8 20140501 20140530